411.62
141.97
413.25
148.73
417.32
139.80
415.56
190.25
181.07
266.83
158.56
105.20
211.54
393.18
233.94
402.57
395.35
316.39
393.25
382.62
300.88
117.97
175.99
214.74
400.81
192.01
187.56
241.26
168.10
386.18
276.09
286.51
281.92
172.71
220.34
245.50
299.62
117.80
382.03
296.00
119.76
188.96
228.61
321.01
106.64
120.93
405.48
170.93
324.35
264.33
384.86
360.98
160.55
390.31
356.21
307.95
397.81
277.12
114.15
397.97
109.05
244.37
252.40
170.63
396.71
346.37
272.11
391.38
407.81
403.04
262.02
331.53
106.94
410.94
242.28
375.76
138.50
298.06
290.15
218.96
248.36
239.23
238.33
142.16
333.64
399.07
168.77
257.57
171.03
257.69
184.91
263.02
373.12
164.79
285.86
328.95
310.06
200.12
347.66
289.59
1005.94
1176.65
1032.15
1336.70
1219.04
920.64
1098.97
1246.52
1025.06
1112.89
966.63
1138.61
1255.22
1246.22
1298.24
1104.63
969.60
964.18
1106.90
974.29
1316.63
1257.35
1025.11
1268.11
971.78
1259.61
932.14
1018.92
916.82
917.72
1139.92
1094.70
1201.75
973.34
1125.90
869.84
1027.02
1227.04
1124.86
1094.46
1000.65
1062.51
1169.79
871.58
1213.65
1209.72
1253.21
1217.78
1021.97
1136.98
989.26
1205.03
1118.02
1195.59
1042.18
1018.48
1270.05
1076.83
891.98
959.23
1148.61
766.70
1200.18
1039.47
1152.28
1249.26
912.85
958.33
1324.41
601.45
838.34
1093.55
1045.61
1027.76
1056.04
1259.82
1235.51
1007.97
851.75
948.62
1217.51
1080.97
1032.66
1331.24
1233.73
984.07
987.69
1024.37
992.61
1194.75
1176.05
1171.50
1155.37
843.85
768.11
1189.29
1179.87
749.08
763.36
1083.32
1820.21
1526.75
1926.01
1458.37
1417.89
1990.64
1626.42
1316.48
1383.98
1840.15
1533.07
1565.33
1564.80
1554.29
1769.01
1757.12
1537.56
1534.98
1638.62
1670.36
1362.19
1791.81
2020.75
1810.78
1865.98
1322.04
1574.69
1694.49
1542.99
1773.17
1039.12
1551.42
1610.14
1635.30
1347.26
1799.54
1508.66
1558.40
1705.93
1508.46
1598.75
1415.89
1278.00
1526.67
1695.02
1815.69
1729.09
1965.71
1575.13
1882.52
1632.20
1542.19
1777.39
1534.89
1896.46
1506.76
1415.41
1245.95
1725.63
1624.96
1475.03
1751.82
1863.05
1621.82
1578.18
1804.92
1842.63
1573.07
1791.93
1835.33
1660.06
1766.29
1478.81
1354.70
1182.61
1445.44
1863.39
1539.16
1539.57
1429.49
1785.45
1496.59
1735.75
1881.91
1512.40
1791.68
1842.95
1392.96
1777.85
1452.71
1811.20
1659.12
1779.64
1943.55
1515.01
1384.79
1521.16
2018.46
1616.70
1745.91
1486.44
1155.94
960.17
1018.37
938.87
936.71
796.19
1067.91
1069.15
1436.34
933.84
982.77
1090.23
907.58
918.64
1059.50
1226.88
765.42
935.10
828.86
1368.96
937.10
953.36
1126.97
1166.88
905.84
1325.27
1339.90
807.73
1121.99
579.76
686.97
800.71
1584.85
1083.05
947.49
916.53
627.88
1162.60
1258.39
703.51
917.65
1086.45
1454.31
1111.14
1023.96
1181.76
631.01
853.64
1273.88
1507.96
1185.57
813.73
1272.36
799.29
837.67
1023.65
1139.69
738.87
793.97
890.47
917.19
1485.37
1100.88
606.27
1295.63
1336.05
890.13
792.78
912.67
1303.86
898.60
1148.51
1037.56
1132.67
1292.08
1014.67
762.91
911.83
1395.19
928.36
1193.62
948.48
693.44
1229.46
973.57
1582.92
499.30
965.46
1215.76
835.93
1176.67
868.11
967.44
1509.29
1340.31
1156.64
1053.59
1339.95
1372.17
1521.64
756.90
1397.20
1448.16
941.94
784.44
1392.60
1164.80
808.66
1478.82
836.89
1032.72
1273.12
1132.78
1242.94
932.44
1685.64
590.96
1546.74
540.88
1225.56
786.90
1000.48
1131.74
1092.08
1130.70
1482.72
965.58
597.16
1603.20
642.08
894.74
1308.36
1143.60
903.62
1691.04
954.67
1034.94
1120.12
998.64
1253.36
1386.77
787.45
675.00
866.90
1532.72
564.62
1027.92
1572.42
783.94
ERROR
ERROR
ERROR
ERROR
ERROR
ERROR
ERROR
ERROR
ERROR
ERROR
ERROR
ERROR
ERROR
ERROR
ERROR
ERROR
ERROR
ERROR
ERROR
ERROR
ERROR
ERROR
ERROR
ERROR
ERROR
ERROR
ERROR
ERROR
ERROR
ERROR
ERROR
ERROR
ERROR
ERROR
ERROR
ERROR
ERROR
ERROR
ERROR
ERROR
ERROR
ERROR
ERROR
ERROR
ERROR
ERROR
ERROR
ERROR
ERROR
ERROR
ERROR
ERROR
ERROR
ERROR
ERROR
ERROR
ERROR
ERROR
ERROR
ERROR
ERROR
ERROR
ERROR
ERROR
ERROR
ERROR
ERROR
ERROR
ERROR
ERROR
ERROR
ERROR
ERROR
ERROR
ERROR
ERROR
ERROR
ERROR
ERROR
ERROR
ERROR
ERROR
ERROR
ERROR
ERROR
ERROR
ERROR
ERROR
ERROR
ERROR
ERROR
ERROR
ERROR
ERROR
ERROR
ERROR
ERROR
ERROR
ERROR
ERROR
ERROR
ERROR
ERROR
ERROR
ERROR
ERROR
ERROR
ERROR
ERROR
ERROR
1255.15
ERROR
ERROR
ERROR
ERROR
ERROR
ERROR
ERROR
ERROR
ERROR
ERROR
ERROR
ERROR
ERROR
ERROR
ERROR
ERROR
ERROR
ERROR
ERROR
ERROR
ERROR
ERROR
ERROR
ERROR
ERROR
ERROR
ERROR
ERROR
ERROR
ERROR
ERROR
ERROR
ERROR
ERROR
ERROR
ERROR
ERROR
ERROR
ERROR
ERROR
ERROR
ERROR
ERROR
ERROR
ERROR
ERROR
ERROR
ERROR
ERROR
ERROR
ERROR
ERROR
ERROR
ERROR
ERROR
ERROR
ERROR
ERROR
ERROR
ERROR
ERROR
ERROR
ERROR
ERROR
ERROR
ERROR
ERROR
ERROR
ERROR
ERROR
ERROR
ERROR
ERROR
ERROR
ERROR
ERROR
ERROR
ERROR
ERROR
ERROR
ERROR
ERROR
ERROR
ERROR
ERROR
ERROR
ERROR
ERROR
ERROR
1601.37
1608.82
1778.87
1701.34
1559.70
1799.18
1742.73
1662.32
1597.53
1673.57
1712.15
1639.29
1648.03
1678.39
1804.13
1787.85
1733.21
1743.42
1679.70
1741.70
1699.45
1639.78
1596.34
1670.57
1747.34
1556.88
1587.81
1679.52
1473.10
1623.58
1774.08
1709.50
1644.28
1663.18
1608.08
1777.50
1493.30
1789.32
1835.04
1476.79
1629.18
1784.75
1656.72
1617.02
1634.54
1812.97
1614.81
1776.59
1780.28
1689.06
1521.75
1726.67
1501.81
1629.15
1790.18
1746.27
1660.76
1672.41
1521.64
1495.02
1560.31
1632.67
1580.22
1707.06
1677.77
1754.74
1650.46
1551.06
1805.36
1500.42
1764.76
1598.77
1627.37
1678.35
1808.94
1680.55
1573.45
1616.97
1793.46
1523.65
1787.14
1539.03
1698.92
1832.22
1629.42
1609.04
1735.59
1537.54
1519.08
1606.21
1516.14
1632.82
1780.49
1651.73
1762.77
1715.29
1733.74
1594.04
1497.18
1719.06
946.70
748.93
1235.36
2057.86
1052.97
863.64
1561.66
1608.21
803.12
1756.91
1993.12
1200.09
1980.95
1810.65
1146.72
2104.49
1686.33
1646.79
1969.30
1925.79
1004.49
2062.41
1736.86
1871.12
1698.87
1440.15
1285.37
1241.09
1970.82
1620.30
1935.87
1303.77
1946.67
607.99
1281.79
1961.61
1056.80
1896.83
1615.57
571.81
1813.08
1739.45
1628.47
839.02
871.32
1725.49
2152.52
804.73
1744.74
1094.74
1501.56
1203.90
1764.93
1982.88
1572.38
1544.51
1556.81
1585.14
959.07
2209.09
1676.87
1551.03
521.25
222.55
1346.87
846.74
1507.08
2001.94
954.12
1234.31
1834.65
940.86
1074.93
615.93
1300.55
1224.05
1624.03
1422.95
727.12
1537.84
1573.90
1415.49
1134.22
1547.59
566.79
1852.87
1265.01
1730.48
1139.80
1954.57
1845.38
916.88
1758.89
990.77
1102.43
1412.55
1893.63
808.12
716.17
1089.89
1762.09
1611.07
1640.41
1960.76
1744.53
1747.41
1728.00
1537.72
904.21
1768.52
1678.59
935.36
1415.96
1063.04
1015.70
1639.27
1843.72
980.08
1570.79
1349.15
1024.99
1745.44
1469.45
1402.01
802.24
1900.06
1487.41
1394.09
1174.14
1891.78
598.76
1255.93
923.54
591.25
722.87
1116.36
1040.32
686.75
1771.34
780.55
765.99
941.22
896.37
1886.45
1363.49
1919.33
1958.24
1248.92
925.43
1748.25
1381.05
1632.09
1948.45
1903.03
1445.05
799.04
1291.03
721.25
1416.67
1737.89
2020.73
1142.74
586.70
973.16
1608.56
1623.73
1295.06
1290.93
1536.94
1965.17
1974.94
2215.50
1209.02
2018.92
966.82
1002.45
1676.15
2256.87
1530.18
1734.75
1458.09
2028.91
1855.05
1601.90
1697.22
1082.96
656.87
755.65
964.77
1839.41
2073.63
1949.81
1168.70
1189.18
1259.06
1376.83
1668.52
1689.58
879.22
1657.71
1108.21
964.87
2074.78
1361.43
1203.57
1713.79
1013.30
1324.80
1330.23
2075.37
1102.59
1833.19
1541.11
1099.56
1806.98
2051.65
1943.35
1971.95
1277.03
1506.50
1003.17
2160.23
1665.61
1810.06
961.84
1475.15
1014.23
756.91
1038.64
1918.62
795.89
1599.47
1740.27
1693.48
2037.66
1212.33
1942.90
2104.80
2123.99
1819.04
1202.68
1394.19
1799.00
1222.84
2085.71
1811.30
901.20
1533.39
1857.55
1740.93
807.50
938.49
2016.62
1606.63
1743.95
2228.26
1276.54
2067.27
1492.24
2001.73
1605.43
1887.49
1133.65
1483.49
1417.39
1439.52
1048.41
1162.34
1510.96
1827.38
1336.19
1326.25
1271.79
1891.52
1101.11
1698.05
1792.61
1873.07
1873.51
1108.14
874.86
1297.20
736.46
1022.25
1017.08
1210.16
1494.06
1241.35
1541.05
1451.38
1358.45
969.71
2013.24
1565.26
1175.54
1489.02
922.03
1790.85
1213.19
1535.77
1204.35
1854.88
904.16
2264.84
1034.17
1677.15
1926.53
1584.34
1453.50
2000.07
1864.09
1540.85
1433.00
1450.25
1587.42
952.00
1697.26
1776.04
1834.46
1253.60
1116.96
1784.18
901.02
1509.74
959.21
1244.37
1442.57
1277.29
1831.42
1149.86
1462.68
1666.46
1596.06
1594.83
1412.88
596.20
1373.23
2047.32
1793.11
1001.55
1927.61
1103.54
1345.15
1625.38
1390.04
1079.94
477.62
1376.13
1945.40
1897.70
1402.98
1193.06
1930.27
1377.58
1921.45
1922.61
1596.69
1335.20
1360.48
1950.36
1928.97
1791.27
1678.30
1973.48
1199.12
1311.53
1837.62
1139.33
1880.84
1658.98
1148.57
1558.62
2111.75
870.55
1509.60
1078.18
1756.89
1704.93
1294.82
1347.40
1108.16
1868.48
1637.73
1440.51
819.44
871.13
1248.32
1096.48
1751.13
1901.94
1177.12
1379.34
1545.30
1079.97
1494.81
1246.71
1634.63
1869.58
1852.19
814.51
1485.79
1554.81
353.87
2203.88
942.26
1481.51
1628.70
1553.47
1951.62
1089.76
980.85
1633.78
1061.16
1871.79
1503.66
1860.61
678.14
1009.68
1332.58
1527.18
1587.45
1142.85
1720.02
1756.93
1520.26
1581.43
1719.79
1109.14
2061.81
1840.65
979.18
1663.44
926.22
1556.97
2017.08
1796.96
1032.57
1102.30
1682.94
1512.31
1817.30
1360.98
1573.06
1740.64
1776.21
2095.56
1915.53
1445.09
1693.75
1439.91
1410.80
1517.28
1221.27
1351.04
783.44
653.14
1802.02
1230.94
1939.19
1294.71
1854.39
663.07
1909.19
1432.04
1641.22
1815.81
525.42
1349.20
1797.35
687.00
1582.65
1159.13
1132.65
1801.28
936.53
1952.46
878.00
1423.25
1065.66
1227.29
1175.21
1595.69
1107.78
1736.94
1723.02
693.86
1426.46
940.81
1080.84
1366.07
600.72
1723.38
774.88
1149.64
1466.75
1576.99
1814.00
2061.93
1674.00
995.37
1931.43
1744.60
1396.81
874.60
923.22
1397.02
1296.55
1463.76
1615.29
2020.18
1296.22
841.04
1753.28
1594.19
1372.23
1398.73
2023.71
1407.35
1520.75
1032.09
1290.21
867.06
1254.23
1747.30
969.63
1757.31
1806.24
1330.61
1344.36
1486.98
1085.42
1649.45
873.58
1279.89
1799.51
1084.77
1910.98
781.76
608.36
1613.84
1144.64
2004.02
1519.51
1770.56
990.11
1865.46
1511.83
1454.76
989.66
1302.99
1934.54
940.04
1685.74
1014.25
1745.53
2121.60
2142.63
2021.30
816.90
805.49
1471.88
1298.12
1288.14
1458.44
1970.49
1670.56
1009.14
1397.06
1645.40
1220.79
1585.59
1206.02
1217.73
1536.23
1064.77
946.43
921.33
1455.31
856.16
819.64
1338.78
1615.38
1678.20
1757.41
1043.06
1313.08
1707.27
897.61
1376.43
714.64
730.35
1034.12
995.81
992.53
1098.78
1772.45
1676.72
1705.24
985.05
1499.46
1516.54
1409.44
760.63
1280.33
2268.35
1855.30
1478.79
1644.05
692.63
1747.56
1386.12
1408.27
961.77
1677.97
1670.04
1235.42
1251.91
1197.95
1220.79
1878.17
2055.34
1968.12
1242.76
1683.86
1866.71
1547.38
1136.23
833.87
1737.16
1108.41
1797.71
964.77
1518.13
1786.52
1533.74
926.94
1991.01
1407.48
1569.60
1049.51
1018.69
2014.91
1730.38
1794.86
1928.86
1358.90
1171.59
1943.20
1160.72
1227.11
1399.60
1135.32
1725.44
1893.59
1249.02
851.50
1869.51
1192.81
1745.40
557.02
966.68
1332.79
1141.36
1895.62
1017.67
1314.17
1465.75
1800.66
1417.14
1914.68
1890.47
1482.34
1468.00
1977.10
1225.75
1693.93
1644.78
1565.32
612.12
1522.83
1222.01
1049.32
1327.28
1773.19
1290.42
785.48
1677.43
1099.28
1435.45
1810.25
936.63
1958.85
1130.36
1974.04
1078.02
1699.70
1386.09
2176.71
969.75
1445.98
1952.70
1780.91
1226.66
823.97
1067.10
1866.08
1231.56
1720.63
1007.60
564.42
1545.56
1298.41
956.66
1502.51
2061.90
830.31
982.11
1670.46
1669.88
801.09
1716.07
1200.17
1002.27
1501.48
1537.18
920.44
1377.81
1273.28
1293.77
1128.09
2020.68
1457.20
789.54
1185.20
1211.81
1787.56
1620.66
1062.09
1151.35
753.55
2054.04
1468.92
884.98
897.55
2066.39
1688.10
1746.81
1590.49
1693.98
1069.01
1523.91
1948.55
699.32
2033.14
1676.90
1767.46
846.26
874.00
1183.22
1536.86
2022.47
1252.12
2129.73
1356.08
1100.92
1644.90
778.68
1432.22
2071.00
1796.30
965.84
778.88
976.46
924.85
1190.16
1005.55
1722.11
1248.90
1588.57
900.59
998.34
715.53
1882.65
1302.28
1549.17
1542.16
2119.01
1639.38
267.69
1201.34
808.83
1094.18
1590.73
1356.27
1457.94
1803.97
1982.04
1940.01
976.83
514.64
1370.12
1714.70
1625.27
1446.21
751.04
1444.82
459.68
630.45
1533.38
1627.42
791.41
640.31
948.75
1319.18
1494.72
976.66
1826.30
482.34
932.65
1100.36
1387.99
1664.20
1815.61
1613.24
1342.48
1849.97
1037.22
1967.82
873.58
1673.16
1441.43
1412.92
1938.62
1291.60
1463.71
1510.71
1242.90
1417.33
1910.76
1823.03
1100.54
1517.44
993.25
1287.61
1465.45
1425.15
1289.97
1367.11
1876.26
2213.02
1646.26
1950.18
595.56
1461.37
1326.68
2213.90
1342.89
1179.96
1146.21
986.82
1885.21
1890.51
1901.82
1375.17
1895.61
1533.23
2246.67
1559.34
766.12
1112.75
1381.91
913.42
1291.54
1211.10
1265.46
1622.44
1540.55
1865.15
1065.41
708.77
1093.26
1636.47
1031.32
1610.74
1317.37
1487.71
643.78
1059.20
1273.13
1141.42
1614.43
1477.85
1647.40
1686.44
715.55
1533.59
1015.50
1681.75
1261.62
902.89
1503.61
1149.30
1932.40
2119.91
1953.55
1440.38
983.80
1716.86
1424.65
1169.85
1426.55
1425.34
713.64
1511.79
1811.31
1997.61
1515.37
855.56
914.99
1374.14
829.75
1807.54
987.76
415.65
1208.50
816.17
1550.82
1377.94
1362.80
815.63
1270.43
1707.22
1075.87
978.48
1813.82
1578.40
1314.22
1837.06
1941.65
1452.70
1552.51
592.82
1121.50
1612.11
1040.93
1313.99
1097.99
821.27
1995.44
1081.80
1200.85
1029.60
2138.75
780.48
1918.13
1492.89
1008.70
1490.47
1730.46
861.19
1264.58
641.36
1047.82
1430.49
2069.82
757.72
1778.35
809.95
1622.62
1509.47
1456.93
1860.92
998.57
1194.36
1632.42
1348.62
1016.89
1336.08
1962.11
1830.91
1521.41
1627.08
2182.98
1681.10
1074.07
1264.50
1315.63
1195.83
1344.65
1496.17
1486.30
1788.69
1615.15
1626.44
1984.16
1686.73
1797.29
1818.87
1731.44
1062.66
744.43
1230.29
1983.48
610.58
1717.12
1249.30
1450.21
1720.97
1765.20
1935.34
1639.85
1583.91
1748.95
1496.59
1722.93
1654.72
2184.88
723.80
979.16
1274.79
1844.37
1597.71
1476.90
2061.81
1235.63
782.31
901.49
1454.27
1600.47
643.10
1655.77
1033.46
883.72
1794.86
1501.85
1145.37
618.28
1728.38
1303.23
2031.67
2074.24
1493.67
1459.74
1251.53
2092.13
1396.17
1204.95
1143.56
1243.59
1238.99
937.83
1734.83
1813.85
960.10
2135.81
1672.86
1603.53
1497.04
1310.42
1962.61
1501.93
2072.46
869.62
1479.47
977.37
1522.44
1620.24
1740.77
1479.10
2005.54
1618.22
1095.54
1305.35
1431.14
1310.84
2012.35
1435.13
1125.73
798.86
1717.34
1650.54
1382.27
791.72
1300.56
1434.49
748.62
808.07
955.98
525.59
980.04
1028.84
1380.05
682.00
736.00
715.85
1731.16
571.87
847.49
1673.27
1467.06
1792.19
1785.55
1371.84
1499.76
1335.52
1336.68
1385.87
924.81
1835.73
1602.66
1305.88
914.09
1520.74
1560.99
1133.36
829.39
1247.12
1848.94
1409.23
1006.56
1549.96
1443.61
1828.36
2080.80
1131.46
1518.19
1942.36
757.69
1146.60
1173.78
1321.68
1177.34
936.02
1717.36
1644.43
1688.31
1139.14
1460.61
1672.25
1382.51
2040.28
1762.91
2011.26
1361.47
944.53
1851.65
1037.70
1281.83
1738.89
1064.74
1210.30
1080.87
1563.01
756.22
1417.63
1722.43
732.56
696.36
1455.61
1417.94
1643.97
721.59
695.37
1531.15
1472.25
1879.56
1237.05
2175.61
1908.40
2035.17
1612.66
1286.79
1341.31
993.95
1571.10
1648.72
783.02
1485.41
669.99
1673.10
1845.60
940.52
1613.35
1129.37
1178.63
1823.25
698.16
1261.91
854.93
1898.23
1946.75
1209.80
770.03
1024.94
1783.91
231.42
867.66
1660.86
1480.67
923.26
1561.27
1616.57
868.13
970.70
1578.35
1797.74
1371.71
1688.92
2061.28
894.66
1885.88
1714.75
1688.70
1651.32
1259.45
1328.40
2103.87
1038.86
1736.18
1054.75
1861.80
1214.71
874.15
1713.53
1753.36
1286.44
970.19
1067.49
1960.83
1280.51
1371.25
1176.95
1478.47
1450.65
1816.79
1815.10
659.54
330.55
1009.90
1478.42
1844.14
1751.70
1581.79
1287.20
2031.53
1862.36
1844.44
802.03
2032.01
1640.12
1310.23
1766.85
2012.23
1120.98
1964.00
1097.73
1381.61
1287.79
1151.42
1454.55
1254.11
1512.60
1236.25
1842.64
457.38
1888.45
1067.88
976.52
766.47
967.70
1900.63
1616.83
1885.47
1440.10
2037.18
1039.29
1126.18
1838.11
1806.86
1294.01
733.90
880.96
1543.91
1731.26
1359.61
614.84
1508.78
636.26
913.75
1884.79
1464.35
1605.29
890.35
1400.10
1851.62
1924.51
1280.04
1064.54
1971.79
1426.00
658.92
2047.38
1933.53
1844.79
1894.66
1003.51
1250.61
831.60
1713.94
1785.34
1232.70
1618.82
1905.81
637.96
1002.97
982.88
1841.87
1220.82
1834.54
1111.89
1661.12
1583.41
1600.64
1950.90
850.19
1869.32
1078.72
1347.05
998.99
1842.18
1324.07
1967.33
1853.45
863.02
1425.05
1287.80
1951.32
1830.32
1355.62
1433.57
1091.00
656.98
1375.56
1262.90
1193.64
1299.98
1930.15
1107.37
1556.37
1197.38
1669.20
953.11
1770.58
1952.65
1643.43
1893.77
1633.79
1768.42
1046.07
1459.87
1058.97
2041.55
1699.59
1255.56
1254.64
1241.08
1603.22
1596.34
1563.89
1765.74
982.02
1193.94
1373.40
1861.83
864.79
1448.05
1096.04
1854.79
1857.83
683.45
1543.53
2119.88
1979.44
1151.97
1262.46
875.63
1131.09
1879.72
1642.48
1430.03
1288.02
1013.73
1172.03
1557.84
1024.26
1825.61
1391.73
344.81
1378.51
1485.65
2027.78
1516.99
1644.55
1912.51
881.79
1427.93
1650.92
1348.12
977.49
1470.23
1074.01
1508.36
1587.19
1776.21
1657.14
1481.30
930.73
657.72
1553.95
825.34
1336.73
974.30
946.18
1105.83
1320.07
1443.76
894.48
1887.52
1090.76
2137.86
1193.91
935.14
1666.83
1280.25
1521.52
2098.61
1347.25
2019.68
2094.80
1840.48
1222.01
633.40
1216.82
1372.73
1763.25
793.85
1842.02
1958.44
1212.51
1713.23
962.17
671.33
1338.73
1094.40
244.75
883.22
1559.77
1908.67
1733.47
2081.93
1367.30
1885.00
1447.44
1020.69
1578.18
1443.27
925.06
1142.12
1244.94
1972.84
1732.75
1734.02
991.67
1912.50
1519.44
1185.90
1274.11
901.59
2068.94
1105.45
1738.20
2136.79
842.15
1918.53
217.48
2028.98
938.22
1844.74
1745.78
727.61
1881.62
2005.46
1316.49
1362.24
788.87
1155.15
1905.83
1278.89
1220.61
1955.40
956.77
1911.63
1608.78
1389.50
353.76
1980.12
545.68
298.35
1773.01
1397.34
1830.45
1458.23
1207.49
1967.11
1304.71
1342.50
1548.49
1467.87
1438.53
1801.53
750.90
1692.86
1074.15
1252.89
1619.64
1445.46
1972.58
1104.47
1073.64
1308.03
1895.09
885.55
735.19
1048.92
1433.11
917.82
1030.40
1628.02
1328.90
1954.45
1023.07
1871.35
1015.61
1955.87
2000.78
1316.72
1028.00
1405.84
1170.57
2096.22
1599.16
850.36
1722.63
1061.98
1297.78
739.32
978.23
560.36
1695.05
2078.20
1803.56
1794.15
1416.05
773.21
1530.50
1803.54
1417.93
657.47
1331.22
1424.67
713.89
1001.48
981.67
1120.16
1194.64
1884.64
1298.81
676.59
787.64
2108.89
1183.01
1931.92
2118.41
894.27
1272.14
2132.26
841.21
1341.08
1407.62
1561.75
1519.55
1640.77
1179.65
2010.64
1823.51
1473.88
812.03
2037.85
1737.45
1674.78
1790.30
1371.62
1457.69
1890.99
1671.12
1024.18
1194.28
1741.56
1085.56
801.98
1199.66
968.78
1071.48
340.31
1288.44
2005.22
1911.10
1527.73
1581.71
1470.77
1675.35
1461.76
1166.89
1009.05
896.81
1737.41
1734.53
1449.16
1498.88
801.86
1812.63
2021.57
1615.45
1058.03
1296.83
1503.10
2113.03
1176.35
1202.95
1311.36
955.41
1297.82
2111.63
1489.31
1766.00
1506.02
1234.13
2094.89
1152.90
1690.37
1530.13
1513.10
1151.50
1563.02
1286.35
1640.05
1186.63
1416.29
1515.39
1463.20
1288.86
1060.55
1726.13
1737.29
1498.79
934.38
1561.58
940.75
1221.00
1876.95
697.92
1865.22
884.61
1339.60
754.84
1762.03
863.24
557.19
429.99
1858.32
1481.58
832.91
1444.18
2034.32
1732.24
1361.89
2040.77
1413.71
1586.13
1464.06
1105.74
1955.09
1514.94
749.16
2034.69
1414.80
1496.10
1698.49
2176.47
1460.20
1713.84
1711.15
1018.44
1404.88
1590.33
1289.24
1379.86
1009.07
2246.43
1498.52
1256.47
1636.00
1454.70
1427.28
2055.43
1395.19
1013.18
1031.44
1393.32
1806.90
877.34
1695.74
984.10
2252.98
1706.32
1240.21
1798.54
1776.41
1772.65
1719.17
1387.00
1320.24
1757.56
526.39
2214.24
2058.45
2111.74
1496.42
1877.01
1262.16
1132.00
1999.39
452.89
1416.13
1454.30
746.12
2063.61
1769.24
1368.32
1300.16
1428.11
1643.60
1153.88
1523.16
1891.03
1533.03
1086.02
1602.39
1178.95
1359.97
754.90
1036.89
639.21
1612.64
900.32
1172.29
1135.77
1271.78
1739.01
1861.20
1542.06
1985.09
1134.60
924.84
1672.63
2064.40
648.85
673.01
1494.86
1644.80
1744.51
1521.32
1687.75
838.10
712.13
1840.71
840.61
1649.24
1243.73
2136.82
1613.36
1358.15
1475.13
1541.58
1064.51
1888.78
2098.54
1328.16
1723.13
1144.57
1359.76
1732.24
1337.08
2150.08
1424.37
1525.94
986.15
2096.00
972.99
1056.20
1323.88
1129.59
1498.12
1410.80
1483.30
1759.98
1798.89
1574.89
1588.74
1545.83
1023.72
1241.82
723.66
1631.56
1449.92
2120.79
2054.63
674.29
589.00
1602.55
2074.28
775.02
1993.20
925.66
1359.59
971.44
943.13
1955.99
1056.35
608.28
1873.28
1740.42
1102.36
1252.98
757.66
1202.70
1557.24
2083.72
1477.72
1378.95
1401.93
1436.76
1965.60
1774.94
1746.11
1911.04
523.31
1507.99
1499.23
1810.01
554.10
892.95
1852.75
1862.77
1822.06
1278.54
1269.38
2062.91
1843.35
1605.63
1716.47
1522.10
1051.82
1890.71
1350.74
1515.23
1477.74
840.73
962.04
1759.53
2107.79
1703.55
1994.90
2156.30
2123.91
1610.65
1472.52
956.95
1015.18
1119.29
979.00
1117.02
1476.94
1751.68
971.02
1942.90
1423.19
1694.97
1771.05
1224.89
1586.33
626.22
653.82
669.06
1108.91
1330.63
1715.28
1609.80
1863.37
1351.85
1594.64
1505.09
518.17
1053.69
1702.05
1229.07
1417.10
753.45
932.90
1028.56
844.48
1254.65
1560.39
882.12
1428.90
1522.27
2014.17
1092.38
997.53
712.07
786.70
1937.36
1681.49
1826.71
1287.17
1652.63
1444.91
1596.39
2109.54
1237.51
1825.73
1217.37
1594.53
1077.24
1266.44
1521.06
352.77
1986.87
1960.77
1495.57
1100.11
1423.55
1450.64
761.82
1627.56
1190.46
1393.55
803.99
1485.51
1889.94
1742.55
771.77
1683.14
1964.87
641.92
1744.03
1779.28
1122.13
1170.88
1949.69
1797.85
1070.97
1659.92
1427.72
778.84
1060.73
1882.07
1380.81
871.07
2196.76
1427.13
1089.55
1801.28
2007.75
945.49
940.12
1692.31
883.95
764.89
1705.27
1043.93
584.63
1632.44
467.17
1242.50
862.28
1400.30
1697.52
1807.58
1123.53
1193.28
638.12
1220.14
1454.91
1952.08
1436.78
1313.03
1906.47
1614.96
1299.98
1464.87
1547.23
1535.27
400.64
2138.27
1384.20
1020.94
886.18
694.87
2023.82
1406.00
1027.17
1926.78
1828.11
1424.00
1708.45
1486.09
1201.92
1716.23
1277.24
1687.83
1926.78
1476.53
2091.43
1118.39
1406.63
1223.98
1489.75
1485.80
1859.31
1110.10
1197.27
1788.86
1080.67
1531.46
1340.84
1342.07
1183.73
729.63
1231.92
872.84
2250.46
799.80
1567.89
1744.74
1630.31
1996.24
934.15
1080.98
1349.92
1564.57
1130.83
1046.88
1268.38
1296.96
1108.90
1906.33
1272.99
808.96
1014.40
732.44
1462.56
2183.43
1222.61
758.92
2057.65
1108.49
1760.47
2245.90
1864.33
1669.29
1310.33
1411.25
740.52
640.57
1587.76
1952.03
1549.69
1462.13
2139.10
1415.07
1912.86
1402.04
1520.48
868.72
1444.90
1605.92
1347.48
770.14
1700.08
1767.74
1349.10
2068.79
1039.71
2083.75
2119.21
818.98
1039.49
1373.32
1616.09
1859.20
1693.29
1017.97
2081.46
1580.99
1945.60
1064.32
1342.41
2076.21
513.19
811.55
1063.02
1105.59
1834.05
1611.29
1876.18
800.61
1448.64
1794.28
739.83
1760.43
1655.91
1510.80
717.94
1707.70
1351.86
1259.96
1451.87
2078.57
1407.57
1081.36
859.14
1162.77
1456.57
1700.49
1592.62
566.74
904.50
1180.25
1234.32
1133.67
1900.49
1531.83
1967.30
1951.22
1773.10
1295.43
1458.32
1108.84
1835.20
1818.21
1378.63
2032.79
2187.41
1909.37
1773.59
1200.81
1589.19
1716.29
1654.23
1047.86
2058.01
1748.06
1916.77
1206.31
1656.34
2180.71
1269.11
1784.09
1638.24
2012.94
1094.62
1635.51
654.93
813.26
1678.86
1151.81
1146.72
1685.52
1760.23
1907.66
1620.17
1588.73
940.58
1585.92
2213.88
1721.55
1413.65
1877.17
1436.60
1497.61
1769.98
1516.14
1185.44
1546.80
1193.40
2005.78
2010.81
1975.56
1138.03
1002.70
2114.00
1383.36
1551.09
1070.31
1551.51
819.28
1260.01
778.48
1283.33
1223.80
1627.88
1013.80
1652.60
1692.94
1616.87
2173.12
2011.67
507.51
941.22
691.35
1015.93
1915.55
1224.44
1748.72
1937.35
646.34
888.98
2057.02
1903.35
1682.75
1668.73
596.32
974.06
1339.16
1299.87
1487.63
1395.92
1365.04
1317.21
1241.02
1598.01
845.81
1430.47
1602.03
1981.53
1841.58
1900.89
1153.02
1320.53
1016.83
1706.43
811.28
1081.73
1166.62
1679.74
1086.70
2043.64
2028.27
1147.42
1720.20
932.73
1646.23
1437.31
907.77
1879.50
1583.92
1646.48
1604.43
1219.65
1556.41
1201.12
1574.46
1598.09
1782.46
1499.50
1168.28
1106.92
1690.30
1173.16
2019.75
837.94
793.93
1636.69
1142.16
1115.07
757.05
1168.07
1239.17
738.30
878.85
429.11
937.00
1992.69
697.29
1673.58
1986.87
1822.00
1350.00
1940.53
1976.89
1168.21
1009.84
1938.15
1441.10
1985.61
891.03
1770.19
1710.24
936.92
1088.26
1029.19
1643.37
1325.78
1194.64
1365.67
1844.54
980.05
751.26
1452.45
1415.73
1335.04
949.65
1064.44
1078.48
1028.75
874.75
1198.63
371.76
1435.81
1542.92
1211.82
1971.24
1002.44
1979.00
1396.07
1724.80
1912.91
1099.14
1479.82
1847.31
1502.76
1632.37
858.67
1635.84
1020.07
1947.72
616.76
1376.54
1567.34
1344.99
1912.27
1471.39
1307.70
1558.12
1259.36
2272.24
1647.78
1145.15
1842.16
1500.07
902.00
1676.83
1444.21
1901.21
674.08
347.20
1185.85
854.43
1737.88
1764.30
1140.11
1192.41
1779.18
1320.54
973.53
1356.03
1849.79
1590.57
2140.66
1142.54
1275.62
1003.60
1907.13
1557.85
1528.46
992.67
1967.78
1333.28
832.07
2025.80
1465.53
852.69
1777.97
1857.63
1750.23
2210.04
1404.82
1563.68
1272.21
1354.58
1578.27
1598.85
1824.43
1356.09
1283.11
1483.21
1950.50
1891.77
2087.44
2150.75
942.19
1170.00
1546.74
1280.36
949.69
957.68
704.06
1949.10
935.05
1047.52
1949.90
982.75
1248.19
1616.40
1450.05
641.36
990.08
1803.67
1507.07
568.04
679.66
2053.18
1729.07
1531.14
2087.11
1254.31
713.09
1945.18
1462.63
1520.98
2062.99
1327.49
1933.14
894.25
1713.21
1413.38
1559.46
1584.82
1300.41
1715.45
886.83
2078.32
1912.54
1384.66
1719.71
1755.68
1682.62
1029.06
858.82
1403.71
1107.88
1881.94
1290.11
1956.07
1595.36
1005.30
1618.50
1654.01
1150.02
923.67
1976.84
2100.26
1231.69
1273.78
1195.24
1095.11
2210.74
738.57
1647.52
1725.21
1953.68
1138.32
2007.95
926.60
1362.25
958.62
1560.55
1640.41
684.34
977.49
1626.44
810.37
1958.16
1417.53
1826.17
1693.11
1112.57
1431.55
974.42
2160.27
1270.42
1624.42
1535.09
725.10
1985.31
1631.24
1189.66
1007.26
1041.41
2008.34
1264.49
1588.26
1992.34
1266.27
1207.20
1869.81
1424.57
1544.04
1739.58
1123.34
1538.14
1325.10
1159.41
1611.21
996.09
1075.93
1732.25
599.30
1584.38
1723.14
1188.18
1469.09
1389.17
2129.82
1683.67
1323.79
1861.76
438.83
823.53
1449.86
1448.87
1657.40
784.38
918.45
992.92
1638.01
1983.58
1432.04
1973.30
1838.71
1434.57
1514.79
2011.33
1639.16
1281.84
1274.90
1283.82
2118.10
1084.95
1598.91
1643.33
1834.94
1170.91
959.44
1622.51
1821.54
1325.52
1279.73
1535.69
1840.06
1282.04
1275.39
951.52
1775.00
1800.07
1785.73
1494.67
2139.71
1451.22
1945.33
811.20
1329.47
1071.35
1313.09
1567.06
1413.82
1237.05
1253.57
938.60
1877.25
949.53
880.01
1842.50
877.91
1260.77
1530.02
920.37
1727.10
1862.21
1061.08
1402.45
1286.23
766.92
1535.71
726.85
2140.13
1416.93
912.69
1781.89
456.23
1581.70
1026.72
1123.36
1698.32
2125.83
1071.94
951.71
1244.05
1928.59
1925.96
1465.01
1739.08
1112.14
2004.96
1797.41
1686.34
1578.74
1545.11
1016.89
1383.24
873.63
1297.28
2190.83
1881.74
1923.73
1685.51
1391.49
1157.07
1248.22
1926.31
1772.52
1719.04
688.70
987.15
1878.13
1179.98
1584.01
1424.54
1922.26
358.09
1865.98
2237.10
2019.38
1036.04
1531.30
1529.72
1903.52
1873.32
2001.16
1636.10
1551.71
796.33
1571.06
1135.11
1288.24
1762.89
264.28
1941.51
916.30
906.15
1566.35
878.52
1896.11
1662.57
1939.55
2007.47
1137.29
2048.43
1303.18
2029.67
995.75
911.24
1628.95
1717.40
1596.01
959.76
1851.65
2049.62
657.57
1284.77
1120.15
1750.21
2046.44
1666.69
2034.62
1764.82
1193.76
713.37
665.43
1459.66
2198.68
1771.25
1708.25
1053.79
1626.20
1088.97
2033.54
872.83
898.19
1756.38
2083.02
998.87
1794.23
1861.59
1210.93
1559.32
999.89
1297.78
1105.51
2093.82
1015.70
1513.17
2093.10
1500.59
854.77
1561.68
1377.13
1273.70
1642.35
2051.90
1022.82
760.67
1834.77
1457.10
1712.34
1044.28
1117.98
1556.34
1342.84
885.48
1154.61
1921.16
1625.40
1026.16
1363.68
1263.78
1210.97
985.81
2047.70
1797.83
1291.50
1744.67
1475.01
2012.48
1647.04
1946.95
1978.40
1644.65
2004.99
1501.03
1386.88
1487.24
1865.96
2088.79
1605.61
1916.81
1628.26
857.23
1779.96
850.91
1361.16
2071.02
1408.11
955.11
687.90
940.28
1830.61
1128.12
1754.70
1947.84
1736.42
1260.53
1675.99
722.28
1243.50
1536.76
1264.88
1527.74
1092.17
1705.97
1800.15
1632.31
858.47
1113.38
1073.99
1078.68
1637.75
1545.20
1329.16
1537.91
1744.36
1452.78
1149.86
974.64
1577.16
1181.49
1986.65
840.50
1113.46
1653.45
769.32
1862.60
1242.50
1276.77
1065.31
1828.72
1058.87
2126.87
1969.91
963.51
1786.07
913.96
842.23
1777.67
1289.42
1730.74
2095.43
1252.02
1101.34
1690.28
414.85
1768.31
1226.79
1809.55
1738.06
1386.86
1425.53
1751.75
1005.96
1656.86
1852.14
791.63
1176.25
812.95
973.30
1885.54
1468.83
1527.25
1739.34
1426.92
1278.18
1710.68
1628.29
1340.19
1618.33
1084.01
1361.85
871.14
1736.23
1941.70
1017.59
991.15
1065.37
1751.07
2129.10
1360.81
2046.99
1813.46
1472.46
1979.13
983.13
2028.35
1427.00
1013.22
1169.80
1281.66
1533.77
842.72
1279.44
1900.74
1660.41
1562.79
1537.58
2076.61
1508.74
1466.57
948.34
1054.05
1181.33
1290.56
904.62
2021.65
1442.22
1065.62
830.69
903.70
1946.50
1464.17
989.87
1135.51
2177.35
2200.05
1195.03
1479.99
1773.10
923.17
460.58
1827.38
1124.55
912.91
1417.37
1198.23
1662.62
1771.39
1119.48
1874.76
1762.13
1022.90
1142.07
1256.32
1268.35
1322.83
1793.52
961.64
885.31
859.34
1681.27
1975.99
2040.82
1463.09
1948.11
777.19
1537.75
1677.01
943.33
910.17
1646.49
820.47
1653.86
1629.73
1881.87
1356.01
971.75
1182.18
1791.03
1244.01
1252.60
1051.28
1215.27
1211.30
1349.03
1285.01
1719.88
1458.10
1008.25
1583.86
2018.64
1548.65
1717.02
320.77
483.76
1690.94
1635.32
1162.94
1861.34
1274.47
1738.05
843.80
1615.00
805.57
2144.97
1060.26
1626.12
995.45
850.33
2017.96
751.74
791.06
1338.10
1473.83
1425.90
814.40
1884.70
1127.42
687.34
1943.08
2042.69
1056.56
1611.64
1390.68
2107.89
1063.08
1763.93
1486.82
1048.91
1423.82
1447.97
1306.46
1200.56
1256.07
1228.86
833.75
922.83
1134.48
1508.45
1705.00
2005.02
1543.19
901.28
1527.34
1324.41
1361.38
1397.17
892.69
1084.28
1932.07
1025.02
1520.63
1733.39
729.78
1277.23
1841.20
976.86
1871.51
1092.35
1106.80
1788.45
1679.58
1845.79
1660.11
1983.93
983.56
314.59
2042.05
1802.52
1662.22
1237.07
1450.10
1588.34
2110.85
1439.88
1935.33
1319.15
1639.51
944.62
1978.31
1312.24
1130.30
1713.78
1990.61
1317.02
1540.00
1912.20
1862.49
770.62
1445.95
961.19
840.56
1067.82
1813.78
2053.68
1404.05
530.10
1443.10
966.24
1615.73
1903.01
1417.00
1301.03
1488.56
1377.11
935.79
1913.65
1795.86
1461.08
701.45
1654.62
1401.12
1197.99
895.86
1224.49
1395.70
1868.65
903.11
1674.93
1524.60
2125.25
1520.40
1600.39
2012.53
863.92
1850.40
1442.94
1409.13
1756.09
1648.62
1594.26
1029.77
1599.10
997.34
782.31
2050.71
1388.64
1868.86
1103.80
1246.70
1105.58
2082.07
1231.68
2173.13
1321.96
1776.84
1858.32
870.84
1343.66
984.59
988.91
1425.40
1530.56
692.10
1758.92
1750.62
1461.72
1420.33
1363.24
1634.32
2163.31
1621.65
684.02
852.59
1048.65
1416.53
1029.01
1296.10
1383.62
1091.71
439.45
1461.27
1786.49
1120.81
1411.05
1117.48
1842.57
1530.11
1693.22
680.72
2202.92
1491.79
1694.95
1424.22
1009.43
1891.60
1249.66
1640.57
1912.85
390.05
888.72
477.87
1810.21
1182.38
986.31
1951.63
1577.91
1302.49
1249.45
1249.69
2044.41
1923.32
512.45
1649.35
1327.53
2217.87
917.34
1804.01
1730.44
1985.89
1391.94
1652.10
779.38
1128.42
946.41
1678.00
1461.22
1122.06
1349.89
1376.93
1037.37
1755.08
264.55
1478.59
1433.81
1692.50
1257.29
853.93
1215.05
1561.83
1541.44
1555.96
1201.80
1464.45
1219.62
1084.84
1963.67
1235.09
1395.94
1249.43
1146.58
1633.52
2071.75
1312.61
1201.58
558.66
1613.23
1230.80
854.61
1645.85
1402.47
1914.78
1808.36
1085.51
1857.47
1167.60
1988.35
943.01
1530.41
962.77
850.85
1657.12
1731.78
1473.60
2094.06
1434.15
847.39
1053.84
1767.28
656.16
1783.25
1024.47
1402.60
1947.48
2135.69
875.40
923.70
1027.44
1725.04
1666.70
902.57
916.74
859.95
2034.70
1668.85
1603.02
1680.53
1410.88
2113.30
1621.13
1252.16
1127.34
1531.26
1267.46
1704.68
815.97
1348.63
1655.41
923.73
1812.74
1324.90
1057.09
1016.13
1113.08
948.76
1110.71
1631.91
1971.57
1722.90
896.93
1976.62
1405.74
1415.14
1405.74
1607.88
1674.33
838.75
1558.56
1265.82
1706.51
912.12
1168.75
1895.28
1758.11
1774.60
1871.83
2047.74
1792.32
1592.27
1574.10
1329.48
1259.75
1811.34
1305.64
1560.94
1086.77
1419.31
1324.80
1089.90
1122.59
1767.43
948.51
1997.19
1930.85
1988.16
1428.54
1264.35
1215.05
2208.37
419.69
1106.01
949.31
1620.95
1315.35
1394.41
1477.73
1198.59
923.03
898.95
1598.92
2116.09
1499.43
1973.48
1644.30
1816.15
1721.36
1686.13
1287.15
1770.07
609.33
1322.06
1554.08
1173.39
1215.73
1662.36
1490.88
1230.92
1330.27
1659.43
993.80
1691.22
1699.85
888.17
1332.28
1944.53
1652.50
865.65
820.14
1421.37
874.08
1397.02
631.54
1177.75
1455.47
1788.10
1173.93
1133.26
701.86
1817.44
1007.18
943.63
1192.34
1838.81
1278.50
1639.89
1778.69
1097.15
1038.03
746.13
1817.30
1344.74
990.65
1680.49
2192.82
878.49
2177.67
1576.58
1664.96
1336.82
1349.09
1334.98
910.84
1282.51
1945.07
1013.56
1120.30
2125.45
1385.18
1034.58
1524.63
1543.45
2043.58
1635.26
1023.79
1179.00
1638.21
1338.54
1215.98
1430.03
659.43
551.68
1867.47
1574.17
1082.68
1011.30
1558.64
1108.09
1567.28
1469.04
982.41
1577.39
1743.18
1345.41
1341.84
1572.46
1325.00
1060.45
1796.64
1883.95
1743.09
1587.35
1663.29
1332.49
1783.71
1577.87
1807.25
1444.51
1166.88
1773.85
1572.51
1292.77
1706.35
1090.13
1484.91
949.79
1397.56
1155.04
2015.94
1511.94
1108.93
1586.46
1035.69
1267.78
1062.49
1039.43
1454.58
1104.11
1370.99
1126.71
1139.90
1140.33
726.63
892.03
1519.34
1278.73
1757.57
1448.70
1682.90
1009.64
1967.18
840.28
1379.07
1028.37
1036.24
1575.07
1677.96
1969.55
930.31
1815.48
956.39
1067.60
2086.61
1380.64
995.51
1389.83
1267.04
1058.44
1995.22
1843.10
994.93
1675.26
2213.37
2093.95
1326.31
1458.44
1128.57
1565.70
805.49
1133.72
1149.52
1175.23
651.05
2069.30
1817.02
945.16
1138.32
1627.52
1022.23
1607.58
1936.99
1286.46
831.64
1627.77
1427.08
972.43
750.94
771.20
1592.91
1772.36
1547.20
1838.15
843.20
1941.44
1323.04
1272.84
1714.15
2097.94
1527.23
1652.03
1487.58
1229.56
1134.64
1277.31
1453.33
1848.86
1719.33
1194.10
1837.41
1838.47
1710.74
2044.16
1932.82
1389.02
1042.90
2089.92
1916.67
1099.60
1296.46
848.62
1794.06
1428.52
1765.53
1881.10
1478.55
1487.12
1023.40
1575.19
1431.27
1127.44
974.17
1536.11
987.58
1650.58
1224.03
1426.60
1108.36
866.72
1056.19
1462.47
1701.28
1172.09
1502.14
1423.17
1863.61
1739.92
1450.75
1017.62
1907.15
1346.76
2002.51
1805.50
1675.15
738.31
870.45
2051.08
1408.18
1133.89
1483.65
1636.69
1555.39
1855.80
1470.58
1824.03
1705.04
1503.46
1954.45
1705.78
1855.21
1271.62
1084.06
1164.71
1088.07
1205.15
1217.00
1125.56
996.02
1289.56
1422.06
1043.32
1978.52
1843.33
617.17
913.20
1731.74
1108.82
1248.61
1462.93
1425.29
802.97
1140.59
1734.40
925.66
1297.03
1842.59
1095.21
1832.86
1369.49
1919.40
1515.78
1074.73
1596.95
1869.48
1845.89
1291.30
729.48
879.41
2055.22
975.18
1231.07
1751.70
1031.95
1834.83
1713.98
1408.22
2085.81
1774.55
1558.23
1145.55
1649.83
1138.03
961.55
906.84
806.88
1921.21
1932.00
785.57
1730.43
1222.65
1693.67
1298.10
2006.02
2154.86
1713.39
1073.11
2116.56
1163.58
770.25
674.47
1425.41
1155.43
891.26
1224.36
1461.48
2047.08
1610.65
1842.63
1281.88
1032.42
1348.57
1344.51
1953.43
2040.37
1039.14
1315.15
1554.58
1688.39
1511.01
1681.09
1104.13
1753.85
1620.82
1505.41
1638.38
608.62
1311.14
1548.48
1338.89
1161.28
744.78
1616.16
1872.58
1341.96
843.47
1412.75
1332.82
1705.23
1365.12
1821.30
1026.78
1584.34
2039.67
1778.64
1255.33
1877.64
1342.21
1506.97
697.85
876.02
2120.06
1220.03
1767.96
1158.30
1508.22
384.62
1402.79
1174.81
1217.35
2165.38
2032.79
552.30
1462.17
508.66
1633.26
978.89
1731.59
1031.55
1871.52
1960.32
628.42
343.16
949.30
1359.97
1592.67
1762.42
1030.70
1442.81
1214.92
1675.85
1167.15
1366.17
1033.63
794.72
1639.67
1863.18
1047.70
1352.20
1260.39
1613.37
837.58
1234.24
1434.55
1524.62
1434.19
1309.36
1278.27
1385.57
871.93
1586.72
1388.83
1676.43
1631.55
1625.08
1500.53
1100.13
1900.87
871.42
1283.99
1642.76
1511.91
884.95
1110.36
1317.73
1173.72
1248.80
1275.48
1994.77
2029.80
1927.79
1127.92
1735.21
886.32
1401.69
2011.34
1445.22
1406.50
911.16
1238.21
1544.76
1663.90
1350.45
1843.86
1775.58
920.57
1591.08
1651.37
1955.64
798.92
1277.82
1206.81
1176.96
2115.39
1285.58
1881.97
1257.77
807.42
922.58
1396.70
1323.91
1456.98
672.46
680.67
1552.51
1279.28
1685.07
2103.07
1326.32
1410.08
1084.28
905.62
1820.99
1466.87
1139.90
1150.28
1900.23
1044.48
1172.32
1630.73
970.42
1116.53
1169.71
1616.17
1523.86
1537.34
669.03
606.63
1632.03
804.03
721.82
1004.05
1709.04
958.45
1304.65
1784.09
931.27
1545.45
1461.58
1315.24
1247.82
1397.69
1449.58
1573.69
1633.17
1053.36
2144.18
1373.67
1430.83
2120.20
1308.77
1807.43
1354.12
1718.81
976.30
1103.66
1348.17
1050.57
1941.08
2038.89
1904.57
1713.65
1608.65
1642.44
1606.82
1389.48
1650.76
1106.13
1130.92
1501.71
2249.96
1888.81
1980.19
1004.30
837.72
1023.98
1396.77
1826.25
1849.03
655.25
1397.42
732.74
1353.21
1958.06
1228.39
1541.22
1525.47
1168.49
1485.01
1065.86
1810.30
1112.62
1218.62
2155.23
1369.41
776.34
820.58
1417.38
875.61
1849.14
1249.93
1271.73
1664.47
800.46
722.58
2019.68
1404.74
1473.03
1973.15
1591.91
1506.95
1826.51
1393.12
903.00
1311.91
1325.74
1588.28
779.25
1924.67
1694.12
1041.79
606.03
1357.19
1205.38
1426.11
1684.66
1572.77
1176.14
878.77
956.24
795.61
1824.72
1072.70
710.85
1994.05
1610.85
1919.13
933.31
780.01
792.88
1490.15
1913.37
1916.42
557.24
1858.27
1752.68
1800.39
1358.17
1660.58
1512.60
722.11
1810.14
1707.06
1361.82
1110.40
718.34
1087.88
1471.88
655.92
1937.65
1420.13
1226.18
1050.57
1475.77
1159.50
1274.62
2265.73
1905.60
795.98
1364.76
1253.80
1549.98
1214.77
1491.88
1434.43
1381.11
1277.23
2029.37
1329.35
1572.75
1636.50
2091.19
1413.68
1461.92
1697.43
1362.81
830.52
1555.88
778.16
1267.13
928.48
1506.39
1401.50
1053.05
1163.32
856.41
1381.78
2095.96
1104.96
2119.49
1671.96
1569.27
1397.00
1373.27
2067.82
1477.45
1276.08
1098.69
1449.73
983.31
1795.98
1598.08
1949.41
1745.44
1721.34
913.55
1106.12
1823.91
1949.54
1088.81
1660.32
1371.02
777.04
1869.44
1623.37
1877.60
1498.92
1866.69
1520.85
1764.74
457.12
998.16
1194.56
934.43
1130.61
1979.73
1385.53
1078.96
1539.91
1685.38
1083.23
149.50
1053.19
1739.53
1912.48
2090.73
1893.61
1509.03
1564.34
754.29
1381.38
1225.56
1657.05
1426.49
1098.01
1281.72
1504.56
1639.53
887.37
1044.39
1735.36
1738.56
1393.61
1830.20
1763.43
2067.62
1744.98
1158.36
1860.87
1047.58
1004.69
610.24
1127.76
693.48
1750.19
1669.69
1785.07
1114.67
1734.37
899.73
830.32
802.92
1895.76
1935.98
1458.82
1882.82
1570.71
1067.26
1612.32
1368.30
1594.00
1032.51
1735.36
959.36
1422.89
796.57
1669.93
1886.27
1334.82
1806.16
949.13
2030.00
1294.39
999.36
1673.43
1354.78
1370.19
1672.79
1406.61
946.67
1376.25
2147.21
1600.18
963.98
1743.33
934.54
1898.24
1031.71
1887.82
1961.15
784.60
1439.71
1122.84
300.74
1081.18
1648.51
1046.95
1619.56
1131.34
1327.08
1779.69
1985.23
932.58
1580.19
771.73
1534.51
1071.76
1543.53
2055.00
2006.75
1549.64
1098.33
1021.05
2068.86
1451.07
1778.71
1391.95
1601.12
849.24
1765.70
517.88
808.24
1184.83
1092.62
1943.41
802.16
1586.67
1949.14
1375.39
1725.48
486.29
881.95
1301.68
1030.92
863.17
994.15
1271.25
1602.37
2131.56
1690.18
1872.82
1142.55
1381.33
1793.02
1620.33
1579.72
2061.46
803.31
1220.82
994.43
962.50
2243.78
1531.65
1495.86
1360.91
1597.73
1208.20
1043.91
1167.77
1861.69
1321.93
1703.93
1314.34
1970.94
2047.19
1394.06
421.48
1514.55
1754.52
1605.06
898.58
1643.74
1160.79
1048.11
1104.96
2111.00
1355.69
1323.52
1604.66
2053.87
1754.42
854.72
1911.77
1543.66
1255.20
514.02
1391.25
1566.02
1260.69
1537.23
1907.53
1124.69
658.07
891.45
1931.32
946.72
